#PHI 1
#Parameters:
#-----------
#NumStates=2
#MatsubaraTerms=0
#CouplingTerms=2
#Temperature=300
#HierarchyTruncation=5
#TL=0
#dt=0.001
#t=1
#filter=0
#rkf45_tolerance = 0.0001
#rkf45_mindt = 0.0001
#gamma:
#10,10
#lambda:
#180,180
#kappa:
#0,0
#H:
#(280,0),(300,0)
#(300,0),(180,0)
#Total Number of matrices= 15
#Memory to store matrices for calculations:
#hierarchy: 0.000915527 Mb.
#rk4: 0.0119324 Mb.
#rkf45: 0.0142975 Mb.
#rk4spectrum: 0.0100708 Mb.
#rkf45spectrum: 0.016098 Mb.
#steadystate: 0.00880432 Mb.
#Threads=1
#Integrator=rkf45
0 (1,0) (0,0) (0,0) (0,0) 
#Info: Time for single timestep: 0 s.
#Info: Estimated time for 1 ps: 0 hrs.
#Info: Total running time: 0 days.
0.001 (0.996815,1.65177e-18) (0.000777149,-0.0699025) (0.000777149,0.0699025) (0.00594078,-6.3221e-21) 
0.0021 (0.98604,4.52413e-18) (0.00225496,-0.116722) (0.00281771,0.131217) (0.0175067,-3.09937e-21) 
0.00331 (0.965704,4.83759e-18) (0.00542024,-0.179994) (0.00634031,0.194916) (0.0403127,-2.70561e-20) 
0.004641 (0.933742,6.87551e-18) (0.0101883,-0.243779) (0.0114937,0.25847) (0.0752221,-1.12435e-19) 
0.0061051 (0.888217,6.89285e-18) (0.0166053,-0.304667) (0.0182862,0.318187) (0.124106,3.19942e-19) 
0.00771561 (0.827677,9.01146e-18) (0.0245071,-0.357958) (0.0264927,0.369053) (0.188249,-1.14747e-19) 
0.00948717 (0.751688,1.0223e-17) (0.0334152,-0.397628) (0.0355491,0.404752) (0.267772,-2.07371e-18) 
0.0114359 (0.661545,1.69059e-17) (0.0424381,-0.416573) (0.0444587,0.417987) (0.360882,-2.84392e-18) 
0.0135795 (0.561121,1.62247e-17) (0.0502185,-0.40731) (0.0517565,0.401314) (0.463,1.73599e-18) 
0.0159374 (0.457703,1.31112e-17) (0.0549907,-0.363317) (0.0556011,0.348652) (0.565964,-5.73127e-18) 
0.0185312 (0.362499,1.70198e-17) (0.0548252,-0.28114) (0.0540724,0.257565) (0.657647,-6.70139e-18) 
0.0213843 (0.290306,1.71662e-17) (0.0481211,-0.163154) (0.045723,0.132134) (0.722554,-1.55678e-17) 
0.0245227 (0.257675,1.5486e-17) (0.0343269,-0.0204698) (0.0303401,-0.0141976) (0.7441,-1.44374e-17) 
0.027975 (0.278916,5.14428e-18) (0.0147218,0.125136) (0.0101628,-0.154211) (0.710234,-4.89456e-18) 
0.0314273 (0.350498,1.97755e-18) (-0.00525246,0.233968) (-0.00984099,-0.254517) (0.627187,4.24622e-18) 
0.0352248 (0.465876,-2.80067e-18) (-0.0230609,0.291992) (-0.0262676,-0.297013) (0.506275,9.59782e-18) 
0.0390223 (0.591038,-7.28282e-18) (-0.0334966,0.279952) (-0.0349124,-0.269958) (0.382261,5.378e-18) 
0.0428197 (0.697504,-7.28282e-18) (-0.0361319,0.207653) (-0.0359717,-0.186341) (0.282691,3.36178e-18) 
0.0466172 (0.763742,-3.9999e-18) (-0.0331573,0.096809) (-0.0321467,-0.0699053) (0.227024,4.4261e-18) 
0.0504147 (0.779045,3.3904e-18) (-0.0285071,-0.0249674) (-0.027614,0.0511698) (0.223336,-2.95894e-19) 
0.0542122 (0.744623,7.07806e-18) (-0.0264159,-0.130821) (-0.0264934,0.150897) (0.267854,-4.00604e-18) 
0.0580097 (0.671992,-5.07123e-19) (-0.0298339,-0.200393) (-0.0312964,0.210854) (0.347121,-6.80176e-18) 
0.0618072 (0.579327,-3.67011e-18) (-0.0393027,-0.223382) (-0.0419701,0.223166) (0.441978,-1.31202e-17) 
0.0656047 (0.486872,2.41602e-18) (-0.0527955,-0.200358) (-0.0563012,0.189752) (0.534148,-1.11565e-17) 
0.069782 (0.406656,5.20275e-18) (-0.067883,-0.13375) (-0.0708931,0.115554) (0.607376,-1.55592e-17) 
0.0739592 (0.364171,3.63624e-18) (-0.0785249,-0.0444035) (-0.0801464,0.0237784) (0.640487,-1.63507e-17) 
0.0781365 (0.364604,2.58091e-18) (-0.0821967,0.0442679) (-0.0822434,-0.0622855) (0.630752,-2.25672e-17) 
0.0823137 (0.40263,2.08623e-18) (-0.0798128,0.111966) (-0.0788507,-0.123538) (0.585623,-1.96321e-17) 
0.086491 (0.536927,6.53565e-17) (-0.0726551,0.143831) (-0.0726551,-0.143831) (0.477475,-1.35021e-17) 
0.0906682 (0.533856,-8.18674e-18) (-0.0725179,0.140449) (-0.0725179,-0.140449) (0.466144,-1.22448e-17) 
0.0948455 (0.59216,-1.13527e-17) (-0.0755475,0.101741) (-0.0770981,-0.0890184) (0.396098,2.61226e-18) 
0.0994404 (0.628264,-1.18969e-17) (-0.0862822,0.0345974) (-0.0894065,-0.0182879) (0.367744,2.93875e-18) 
0.104035 (0.627223,-2.20544e-17) (-0.102328,-0.0376065) (-0.106151,0.0525918) (0.377117,1.44748e-17) 
0.10863 (0.591982,-2.25986e-17) (-0.118945,-0.0939822) (-0.122323,0.103488) (0.418863,1.71774e-17) 
0.113225 (0.534978,-8.59568e-18) (-0.133411,-0.121421) (-0.133411,0.121421) (0.478835,2.44873e-17) 
0.11782 (0.426294,-7.83387e-18) (-0.135726,-0.0696287) (-0.135726,0.0696287) (0.573706,2.51947e-17) 
0.122415 (0.426294,-7.83387e-18) (-0.135726,-0.0696287) (-0.135726,0.0696287) (0.573706,2.51947e-17) 
0.12701 (0.404389,-4.24245e-18) (-0.129254,0.0057795) (-0.129254,-0.0057795) (0.592494,2.52672e-17) 
0.131605 (0.411926,3.10363e-18) (-0.126229,0.0513225) (-0.126229,-0.0513225) (0.583371,1.74677e-17) 
0.1362 (0.443565,2.70646e-17) (-0.128162,0.0832688) (-0.130744,-0.0860187) (0.524733,2.94289e-17) 
0.140795 (0.48713,3.60975e-17) (-0.132675,0.0858305) (-0.132675,-0.0858305) (0.501975,4.9884e-18) 
0.14585 (0.53931,4.75102e-17) (-0.147418,0.0556418) (-0.147418,-0.0556418) (0.46069,1.42064e-17) 
0.150904 (0.555598,5.28176e-17) (-0.1581,0.019457) (-0.1581,-0.019457) (0.441932,2.68561e-17) 
0.155959 (0.55283,4.91064e-17) (-0.169563,-0.0280778) (-0.171636,0.0375888) (0.450734,4.24588e-17) 
0.161013 (0.526343,3.6736e-17) (-0.17634,-0.0610582) (-0.177282,0.0658047) (0.481408,5.84606e-17) 
0.166068 (0.487908,1.39105e-17) (-0.178441,-0.0690129) (-0.178512,0.0678096) (0.520852,7.52206e-17) 
0.171122 (0.452306,1.34057e-18) (-0.177845,-0.0520217) (-0.177613,0.0460359) (0.554297,8.30818e-17) 
0.176176 (0.43148,1.75019e-17) (-0.177207,-0.0193856) (-0.177233,0.0114021) (0.570981,8.60347e-17) 
0.181231 (0.430488,3.5459e-17) (-0.178559,0.0150395) (-0.17916,-0.0218697) (0.567603,8.54361e-17) 
0.186285 (0.446554,3.92101e-17) (-0.182608,0.0386016) (-0.183783,-0.0419794) (0.548546,7.91711e-17) 
0.19134 (0.47115,4.9705e-17) (-0.188781,0.0443606) (-0.190451,-0.043486) (0.522655,7.91711e-17) 
0.1969 (0.495722,7.00723e-17) (-0.196515,0.0309245) (-0.198219,-0.0261823) (0.49996,7.85127e-17) 
0.20246 (0.507521,8.84205e-17) (-0.203665,0.00569) (-0.205105,0.000296813) (0.491684,8.10147e-17) 
0.20802 (0.503041,1.05452e-16) (-0.20932,-0.0188448) (-0.210391,0.0233745) (0.49959,9.75193e-17) 
0.21358 (0.486141,9.25466e-17) (-0.213377,-0.0326115) (-0.214126,0.0340545) (0.518413,1.08888e-16) 
0.219139 (0.465175,9.45658e-17) (-0.21624,-0.031725) (-0.21624,0.031725) (0.539255,1.1376e-16) 
0.224699 (0.448795,9.8648e-17) (-0.218491,-0.018927) (-0.218491,0.018927) (0.554112,1.27061e-16) 
0.230815 (0.442386,9.05845e-17) (-0.220952,0.000465032) (-0.220952,-0.000465032) (0.557542,1.43574e-16) 
0.236931 (0.450806,9.68615e-17) (-0.227009,0.0197699) (-0.22804,-0.0211407) (0.540963,1.55999e-16) 
0.243047 (0.461399,1.05456e-16) (-0.228113,0.0200108) (-0.228113,-0.0200108) (0.538601,1.5299e-16) 
0.249163 (0.473505,1.23515e-16) (-0.234311,0.011078) (-0.234311,-0.011078) (0.523805,1.55524e-16) 
0.255279 (0.478573,1.3182e-16) (-0.239654,-0.0022667) (-0.239654,0.0022667) (0.521777,1.56297e-16) 
0.261395 (0.474707,1.38579e-16) (-0.244292,-0.0133481) (-0.244704,0.0140306) (0.528247,1.63805e-16) 
0.267511 (0.464522,1.33365e-16) (-0.246999,-0.0168861) (-0.247666,0.0172189) (0.538072,1.83119e-16) 
0.273627 (0.453279,1.34813e-16) (-0.249442,-0.0143613) (-0.249929,0.0128604) (0.549148,1.79932e-16) 
0.280354 (0.445667,1.22438e-16) (-0.251451,-0.00495909) (-0.251902,0.00253456) (0.55517,1.91989e-16) 
0.287082 (0.445902,1.27377e-16) (-0.253861,0.00512086) (-0.254508,-0.00694344) (0.553233,1.96982e-16) 
0.293809 (0.45209,1.25784e-16) (-0.257346,0.00996415) (-0.258239,-0.0102148) (0.546226,1.98575e-16) 
0.300537 (0.459164,1.40656e-16) (-0.261667,0.00751389) (-0.26276,-0.00615179) (0.53944,1.91299e-16) 
0.307937 (0.462276,1.62448e-16) (-0.266365,-0.0005139) (-0.267321,0.00245544) (0.53782,1.98543e-16) 
0.315337 (0.458556,1.65895e-16) (-0.270071,-0.0077121) (-0.27076,0.00877345) (0.542877,2.11864e-16) 
0.322737 (0.451034,1.58826e-16) (-0.2727,-0.0091482) (-0.273207,0.00872556) (0.550666,2.32429e-16) 
0.330138 (0.444919,1.58942e-16) (-0.274918,-0.00475735) (-0.275426,0.00339285) (0.555965,2.61232e-16) 
0.337538 (0.443576,1.73373e-16) (-0.277442,0.00141753) (-0.278064,-0.00261382) (0.556161,2.68711e-16) 
0.344938 (0.446478,1.96743e-16) (-0.280484,0.0047913) (-0.281273,-0.00504753) (0.552542,2.69529e-16) 
0.353078 (0.450553,2.22514e-16) (-0.284865,0.0023676) (-0.284865,-0.0023676) (0.548788,2.33411e-16) 
0.361219 (0.451434,2.36267e-16) (-0.28741,-0.00145183) (-0.288095,0.0024946) (0.548863,2.33925e-16) 
0.369359 (0.448315,2.4655e-16) (-0.290227,-0.00479792) (-0.2908,0.00514451) (0.552666,2.60403e-16) 
0.377499 (0.443808,1.67823e-16) (-0.292637,-0.00435619) (-0.293146,0.00385937) (0.557082,3.33281e-16) 
0.38564 (0.441154,1.33055e-16) (-0.294905,-0.00119589) (-0.295463,0.000333565) (0.559115,3.7332e-16) 
0.394594 (0.44166,1.76885e-16) (-0.297502,0.0018184) (-0.298102,-0.00218428) (0.557931,2.70602e-16) 
0.403548 (0.443744,2.68009e-16) (-0.300275,0.00173936) (-0.3009,-0.00137086) (0.555865,1.75519e-16) 
0.412502 (0.444356,2.54789e-16) (-0.303035,-0.000709394) (-0.303624,0.00131187) (0.555803,2.07402e-16) 
0.421457 (0.442475,1.70027e-16) (-0.30551,-0.00271131) (-0.306067,0.00294416) (0.558196,3.0708e-16) 
0.431307 (0.439441,1.54008e-16) (-0.307822,-0.00226413) (-0.308303,0.00187853) (0.561119,3.06224e-16) 
0.441156 (0.438085,2.16763e-16) (-0.309968,-0.000120108) (-0.310452,-0.00033049) (0.561944,2.40904e-16) 
0.451006 (0.438758,2.27883e-16) (-0.312232,0.000983186) (-0.312751,-0.000981871) (0.560999,2.27995e-16) 
0.460856 (0.439477,2.02454e-16) (-0.314565,3.87905e-05) (-0.315122,0.000348096) (0.560512,2.8554e-16) 
0.47169 (0.438489,1.95868e-16) (-0.316911,-0.00151561) (-0.317391,0.00172205) (0.561923,2.98285e-16) 
0.482525 (0.436476,2.18108e-16) (-0.318925,-0.0014482) (-0.319349,0.00123316) (0.563918,2.96489e-16) 
0.49336 (0.435451,2.49586e-16) (-0.320816,-0.000187887) (-0.321239,-7.29172e-05) (0.5646,2.74847e-16) 
0.504195 (0.435694,2.82776e-16) (-0.322745,0.000351493) (-0.322745,-0.000351493) (0.564201,3.22492e-16) 
0.516113 (0.435737,2.52854e-16) (-0.324824,-0.000429892) (-0.324824,0.000429892) (0.564392,3.11295e-16) 
0.528031 (0.434626,3.07993e-16) (-0.326698,-0.00105151) (-0.326698,0.00105151) (0.565374,3.25786e-16) 
0.539949 (0.433264,2.8127e-16) (-0.328919,-0.000305231) (-0.328919,0.000305231) (0.566763,3.84594e-16) 
0.551867 (0.433133,2.77883e-16) (-0.330357,8.50208e-05) (-0.330357,-8.50208e-05) (0.566835,4.89131e-16) 
0.563785 (0.433137,2.92091e-16) (-0.331599,-0.000152697) (-0.331983,0.000274748) (0.566913,4.78216e-16) 
0.576895 (0.43251,4.09256e-16) (-0.333584,-0.000688092) (-0.333584,0.000688092) (0.5677,4.2719e-16) 
0.590005 (0.431596,3.51191e-16) (-0.335016,-0.000380611) (-0.335016,0.000380611) (0.568562,5.27173e-16) 
0.603115 (0.431207,3.48293e-16) (-0.336084,-8.92975e-05) (-0.336418,4.3717e-05) (0.568826,5.72197e-16) 
#Info: Time for single timestep: 0 s.
#Info: Estimated time for 1 ps: 0 hrs.
#Info: Total running time: 0 days.
0.617536 (0.430963,4.55883e-16) (-0.33788,-0.000288503) (-0.33788,0.000288503) (0.569037,5.36561e-16) 
0.631957 (0.430457,5.17819e-16) (-0.339198,-0.000448455) (-0.339198,0.000448455) (0.569787,6.06808e-16) 
0.646378 (0.429844,3.87344e-16) (-0.340135,-0.000252616) (-0.340424,0.000182898) (0.570256,7.7474e-16) 
0.662241 (0.429579,4.63238e-16) (-0.34141,-0.000111369) (-0.341687,0.000130869) (0.570465,6.10178e-16) 
0.678105 (0.429234,5.85846e-16) (-0.342603,-0.000283018) (-0.342879,0.000314943) (0.57089,6.84569e-16) 
0.695554 (0.428667,-4.32473e-18) (-0.343778,-0.000231494) (-0.344027,0.00018794) (0.571434,8.99477e-16) 
0.713003 (0.428367,2.78025e-15) (-0.344861,-0.000113191) (-0.345092,0.000116709) (0.571683,-1.64305e-15) 
0.721728 (0.428242,-3.12842e-16) (-0.345502,-0.000162208) (-0.345502,0.000162208) (0.571794,2.38028e-15) 
0.731325 (0.428046,8.85059e-17) (-0.345921,-0.000210308) (-0.346048,0.000220921) (0.57201,2.72689e-16) 
0.741882 (0.427786,1.62432e-15) (-0.346472,-0.000207327) (-0.346603,0.000194707) (0.572274,2.78524e-16) 
0.753495 (0.427561,-7.55337e-16) (-0.34705,-0.000135192) (-0.347189,0.000120045) (0.572483,1.80225e-15) 
0.766269 (0.427396,1.93984e-15) (-0.347652,-0.000107628) (-0.347781,0.0001102) (0.572639,-6.98587e-16) 
0.779042 (0.42722,-5.63221e-16) (-0.348222,-0.00013963) (-0.348346,0.000148392) (0.572824,2.54207e-15) 
0.791816 (0.427,1.43136e-15) (-0.348864,-0.00015297) (-0.348864,0.00015297) (0.57305,-9.94275e-16) 
0.80459 (0.426801,4.34069e-16) (-0.349348,-9.98661e-05) (-0.349348,9.98661e-05) (0.573234,2.40311e-15) 
0.817364 (0.426663,-1.63861e-16) (-0.349813,-9.45139e-05) (-0.349813,9.45139e-05) (0.573366,1.74155e-16) 
0.830138 (0.426518,2.38458e-15) (-0.350145,-0.000109468) (-0.350238,0.000110956) (0.573517,4.46849e-16) 
0.842912 (0.426357,-1.6897e-15) (-0.35065,-0.000110839) (-0.35065,0.000110839) (0.573678,2.44385e-15) 
0.855685 (0.426205,3.41817e-15) (-0.350937,-9.66062e-05) (-0.351016,8.90816e-05) (0.573826,-1.72401e-15) 
0.868459 (0.426087,-2.06062e-15) (-0.351299,-7.01567e-05) (-0.35138,6.99012e-05) (0.573936,4.4594e-15) 
0.881233 (0.425976,2.81339e-15) (-0.351641,-8.85192e-05) (-0.351709,9.24344e-05) (0.574052,-2.98543e-15) 
0.894007 (0.425848,-1.48633e-16) (-0.35195,-8.12179e-05) (-0.352021,7.60631e-05) (0.574178,4.37994e-15) 
0.906781 (0.425739,-1.85846e-16) (-0.352257,-7.46371e-05) (-0.352319,7.66214e-05) (0.574285,-1.09795e-15) 
0.919555 (0.425635,3.38479e-15) (-0.352521,-6.39671e-05) (-0.35258,5.6829e-05) (0.574385,1.17659e-15) 
0.932328 (0.425552,-3.51687e-15) (-0.352857,-6.54636e-05) (-0.352857,6.54636e-05) (0.574466,3.08504e-15) 
0.945102 (0.425453,6.27662e-15) (-0.35303,-7.42244e-05) (-0.353077,6.87209e-05) (0.574571,-3.59576e-15) 
0.957876 (0.425366,-5.11098e-15) (-0.353266,-4.55813e-05) (-0.353322,4.53413e-05) (0.574649,7.83561e-15) 
0.97065 (0.425292,5.69846e-15) (-0.353483,-6.25447e-05) (-0.353521,6.36582e-05) (0.574729,-6.73416e-15) 
0.983424 (0.425213,-1.97943e-15) (-0.353673,-3.92593e-05) (-0.353724,3.34799e-05) (0.5748,8.55687e-15) 
0.996198 (0.425152,6.75198e-16) (-0.353884,-5.58486e-05) (-0.353919,6.51711e-05) (0.574866,-4.51691e-15) 
1.00897 (0.425069,4.75825e-15) (-0.354032,-4.52721e-05) (-0.354032,4.52721e-05) (0.574931,-2.71334e-15) 
