#PHI 1
#Parameters:
#-----------
#NumStates=2
#MatsubaraTerms=0
#CouplingTerms=2
#Temperature=300
#HierarchyTruncation=5
#TL=1
#dt=0.001
#t=1
#filter=0
#rkf45_tolerance = 1e-05
#rkf45_mindt = 1e-06
#gamma:
#10,10
#lambda:
#180,180
#kappa:
#0,0
#H:
#(280,0),(300,0)
#(300,0),(180,0)
#Eigenvalues:
#(-74.1381,0),(534.138,0)
#Eigenvectors:
#(0.646375,0),(-0.76302,0)
#(-0.76302,0),(-0.646375,0)
#Total Number of matrices= 15
#Memory to store matrices for calculations:
#hierarchy: 0.000915527 Mb.
#rk4: 0.0119324 Mb.
#rkf45: 0.0142975 Mb.
#rk4spectrum: 0.0100708 Mb.
#rkf45spectrum: 0.016098 Mb.
#steadystate: 0.00880432 Mb.
#Threads=1
#Integrator=rkf45
0 (1,0) (0,0) (0,0) (0,0) 
#Info: Time for single timestep: 0 s.
#Info: Estimated time for 1 ps: 0 hrs.
#Info: Total running time: 0 days.
0.001 (0.996815,1.65177e-18) (0.000523583,-0.0562554) (0.000523583,0.0562554) (0.00318538,-1.23358e-21) 
0.0021 (0.98604,3.86466e-18) (0.00225496,-0.116722) (0.00281771,0.131217) (0.0175067,-2.14181e-20) 
0.00331 (0.965704,5.35297e-18) (0.00542024,-0.179994) (0.00634031,0.194916) (0.0403127,-8.35751e-21) 
0.004641 (0.933742,5.74965e-18) (0.0101883,-0.243779) (0.0101883,0.243779) (0.066258,-1.34474e-20) 
0.0061051 (0.888217,6.77406e-18) (0.0166053,-0.304667) (0.0166053,0.304667) (0.111783,2.77332e-19) 
0.00771561 (0.827677,9.37107e-18) (0.0245071,-0.357958) (0.0245071,0.357958) (0.172323,1.18794e-19) 
0.00948717 (0.751689,8.16824e-18) (0.0334152,-0.397628) (0.0334152,0.397628) (0.248311,3.05861e-19) 
0.0114359 (0.661545,6.81629e-18) (0.042438,-0.416573) (0.0444586,0.417987) (0.360882,-4.98003e-19) 
0.0135795 (0.561121,8.40709e-18) (0.0502181,-0.407308) (0.0502181,0.407308) (0.438879,-2.58959e-19) 
0.0157231 (0.466571,5.57876e-18) (0.0547422,-0.368642) (0.0547422,0.368642) (0.533429,1.41435e-18) 
0.0178667 (0.384524,8.04113e-18) (0.0554174,-0.304995) (0.0554174,0.304995) (0.615476,3.50228e-18) 
0.0200102 (0.320314,6.78033e-18) (0.0521325,-0.22252) (0.0521325,0.22252) (0.679686,4.51769e-18) 
0.0221538 (0.277642,3.41044e-18) (0.0452177,-0.128455) (0.0452177,0.128455) (0.722358,4.14749e-18) 
0.0242974 (0.258391,5.9405e-18) (0.035356,-0.0304505) (0.035356,0.0304505) (0.741609,7.95103e-18) 
0.026441 (0.262603,7.98084e-18) (0.0234651,0.0640568) (0.0234651,-0.0640568) (0.737397,9.63915e-18) 
0.0285846 (0.288604,8.60912e-18) (0.0105708,0.148396) (0.0105708,-0.148396) (0.711396,5.50559e-18) 
0.0309425 (0.338569,1.06173e-17) (-0.00356114,0.22293) (-0.00356114,-0.22293) (0.661431,2.50612e-18) 
0.0333005 (0.405275,1.73609e-17) (-0.0164806,0.27337) (-0.0164806,-0.27337) (0.594725,-5.69414e-18) 
0.0356584 (0.481878,1.96367e-17) (-0.0272583,0.296957) (-0.0272583,-0.296957) (0.518122,-3.73017e-18) 
0.0380164 (0.561131,1.61881e-17) (-0.0353038,0.293399) (-0.0353038,-0.293399) (0.438869,-3.71156e-18) 
0.0403743 (0.636017,1.82125e-17) (-0.0403941,0.264705) (-0.0403941,-0.264705) (0.363983,-2.02217e-18) 
0.0427323 (0.700331,2.6841e-17) (-0.0426674,0.214852) (-0.0426674,-0.214852) (0.299669,-1.47766e-18) 
0.0450902 (0.749135,2.7204e-17) (-0.0425854,0.149319) (-0.0425854,-0.149319) (0.250865,-1.49162e-18) 
0.0474482 (0.779093,2.82092e-17) (-0.0408653,0.0745334) (-0.0408653,-0.0745334) (0.220907,5.32847e-19) 
0.0498061 (0.788641,2.65897e-17) (-0.0383823,-0.00272731) (-0.0383823,0.00272731) (0.211359,1.81268e-18) 
0.0521641 (0.778002,3.12436e-17) (-0.0360492,-0.0759292) (-0.0356111,0.0912991) (0.226494,5.17284e-18) 
0.054522 (0.749048,3.30587e-17) (-0.0346835,-0.139313) (-0.0345224,0.153207) (0.260028,7.8954e-18) 
0.0571158 (0.69996,3.32225e-17) (-0.0350042,-0.192302) (-0.0353214,0.201811) (0.312568,1.20472e-17) 
0.0597095 (0.638396,3.61098e-17) (-0.037573,-0.223965) (-0.0383918,0.22847) (0.376194,1.81648e-17) 
0.0623033 (0.570899,3.10007e-17) (-0.0422414,-0.232719) (-0.0434747,0.232134) (0.444261,2.06426e-17) 
0.064897 (0.504129,2.97106e-17) (-0.0484126,-0.219305) (-0.0498886,0.214032) (0.510157,2.27927e-17) 
0.0674907 (0.444224,2.78267e-17) (-0.0552064,-0.186492) (-0.0567143,0.177345) (0.567925,2.59667e-17) 
0.0700845 (0.396264,2.12125e-17) (-0.0616878,-0.138642) (-0.0630317,0.126725) (0.612768,2.71749e-17) 
0.0726782 (0.363882,2.02296e-17) (-0.068146,-0.0677563) (-0.068146,0.0677563) (0.641405,2.71749e-17) 
0.075272 (0.349042,2.51851e-17) (-0.0710383,-0.0199607) (-0.0717435,0.00638581) (0.652258,2.53114e-17) 
0.0778657 (0.35197,3.07549e-17) (-0.0739391,0.051602) (-0.0740873,-0.0574261) (0.643292,2.06682e-17) 
0.0804594 (0.371246,3.80347e-17) (-0.0749629,0.0907558) (-0.0749629,-0.0907558) (0.628754,1.24107e-17) 
0.0830532 (0.404021,3.40723e-17) (-0.076011,0.130583) (-0.0762549,-0.137866) (0.587473,6.06267e-18) 
0.0856469 (0.446343,3.8393e-17) (-0.0780318,0.160173) (-0.0780318,-0.160173) (0.518656,3.69817e-18) 
0.0882407 (0.493568,3.9509e-17) (-0.0797067,0.163892) (-0.0797067,-0.163892) (0.506432,-1.11465e-18) 
0.0908344 (0.540807,3.85466e-17) (-0.0833149,0.155717) (-0.0833149,-0.155717) (0.459193,-1.89279e-18) 
0.0936875 (0.587225,3.26901e-17) (-0.0888199,0.129423) (-0.0888199,-0.129423) (0.412775,8.89674e-18) 
0.0965407 (0.622729,2.39503e-17) (-0.0955897,0.0888041) (-0.0955897,-0.0888041) (0.377271,1.33004e-17) 
0.0993938 (0.643531,1.65846e-17) (-0.102978,0.0392258) (-0.102978,-0.0392258) (0.356469,1.90894e-17) 
0.102247 (0.647729,1.02776e-17) (-0.110216,-0.0131187) (-0.110216,0.0131187) (0.352271,2.41913e-17) 
0.1051 (0.635449,7.16909e-18) (-0.116581,-0.0619602) (-0.116581,0.0619602) (0.364551,2.30087e-17) 
0.107953 (0.608753,1.69225e-17) (-0.121527,-0.101695) (-0.121527,0.101695) (0.391247,2.66916e-17) 
0.110806 (0.571312,2.17879e-17) (-0.124757,-0.128024) (-0.124757,0.128024) (0.428688,2.49234e-17) 
0.113659 (0.52791,2.69912e-17) (-0.126249,-0.138412) (-0.126249,0.138412) (0.47209,2.01818e-17) 
0.116512 (0.483826,3.08655e-17) (-0.126244,-0.132328) (-0.126244,0.132328) (0.516174,2.01818e-17) 
0.119366 (0.44419,3.60238e-17) (-0.125211,-0.111229) (-0.125211,0.111229) (0.55581,2.05197e-17) 
0.122219 (0.413368,3.18228e-17) (-0.123785,-0.0783144) (-0.123785,0.0783144) (0.586632,2.39435e-17) 
0.125072 (0.394473,3.26112e-17) (-0.12268,-0.0380838) (-0.12268,0.0380838) (0.605527,2.99127e-17) 
0.127925 (0.389034,3.04038e-17) (-0.122582,0.00425996) (-0.122582,-0.00425996) (0.610966,3.79316e-17) 
0.130778 (0.396881,2.91874e-17) (-0.12403,0.0434733) (-0.12403,-0.0434733) (0.603119,3.72108e-17) 
0.133631 (0.416232,2.93789e-17) (-0.127315,0.0749252) (-0.127315,-0.0749252) (0.583768,3.3787e-17) 
0.136484 (0.443989,2.58875e-17) (-0.132416,0.0951552) (-0.132416,-0.0951552) (0.556011,2.748e-17) 
0.139623 (0.47948,2.74732e-17) (-0.139712,0.10223) (-0.139712,-0.10223) (0.52052,3.39965e-17) 
0.142761 (0.514616,3.40641e-17) (-0.147988,0.0933527) (-0.147988,-0.0933527) (0.485384,3.70441e-17) 
0.1459 (0.544082,3.90692e-17) (-0.156251,0.070816) (-0.156251,-0.070816) (0.455918,3.66725e-17) 
0.149038 (0.563731,5.28703e-17) (-0.163538,0.0388257) (-0.163538,-0.0388257) (0.436269,3.70441e-17) 
0.152176 (0.57114,5.09129e-17) (-0.169119,0.00273596) (-0.169119,-0.00273596) (0.42886,3.74158e-17) 
0.155315 (0.565854,5.35393e-17) (-0.172635,-0.0318415) (-0.172635,0.0318415) (0.434146,4.07236e-17) 
0.158453 (0.549327,6.31035e-17) (-0.174129,-0.0599025) (-0.174129,0.0599025) (0.450673,4.76614e-17) 
0.161592 (0.524573,7.07598e-17) (-0.174004,-0.0777554) (-0.174004,0.0777554) (0.475427,5.04117e-17) 
0.16473 (0.495609,7.54428e-17) (-0.172899,-0.0834746) (-0.172899,0.0834746) (0.504391,5.27408e-17) 
0.167869 (0.466798,7.81187e-17) (-0.171555,-0.0770543) (-0.171555,0.0770543) (0.533202,5.84644e-17) 
0.171007 (0.442177,7.23951e-17) (-0.170672,-0.0602691) (-0.170672,0.0602691) (0.557823,6.04218e-17) 
0.174145 (0.424897,7.36092e-17) (-0.170804,-0.0362848) (-0.170804,0.0362848) (0.575103,6.27509e-17) 
0.177284 (0.416816,7.20234e-17) (-0.172288,-0.00909462) (-0.172288,0.00909462) (0.583184,7.39009e-17) 
0.180422 (0.418328,7.16518e-17) (-0.175218,0.017125) (-0.175218,-0.017125) (0.581672,8.77268e-17) 
0.183561 (0.428405,7.39561e-17) (-0.17945,0.0386395) (-0.17945,-0.0386395) (0.571595,9.19886e-17) 
0.186699 (0.444849,7.39313e-17) (-0.184648,0.0526711) (-0.184648,-0.0526711) (0.555151,1.01553e-16) 
0.190151 (0.466752,7.39313e-17) (-0.190918,0.0577345) (-0.190918,-0.0577345) (0.533248,1.0237e-16) 
0.193604 (0.488486,7.81559e-17) (-0.197097,0.0519732) (-0.197097,-0.0519732) (0.511514,1.0237e-16) 
0.197056 (0.50614,7.81559e-17) (-0.202557,0.037268) (-0.202557,-0.037268) (0.49386,1.01035e-16) 
0.200508 (0.516828,9.16746e-17) (-0.206845,0.0168951) (-0.206845,-0.0168951) (0.481707,9.79005e-17) 
0.20396 (0.519105,9.3746e-17) (-0.209758,-0.00516396) (-0.209758,0.00516396) (0.480895,9.97539e-17) 
0.207413 (0.513095,9.62262e-17) (-0.211365,-0.0249712) (-0.211365,0.0249712) (0.486905,9.42755e-17) 
0.210865 (0.500337,1.02113e-16) (-0.211966,-0.0393031) (-0.211966,0.0393031) (0.499663,9.93723e-17) 
0.214317 (0.483406,1.01241e-16) (-0.212011,-0.0461382) (-0.212011,0.0461382) (0.516594,1.00653e-16) 
0.21777 (0.46539,1.02986e-16) (-0.212002,-0.0448967) (-0.212002,0.0448967) (0.53461,1.03597e-16) 
0.221222 (0.449318,1.09282e-16) (-0.212391,-0.0364182) (-0.212391,0.0364182) (0.550682,1.09484e-16) 
0.224674 (0.437655,1.15578e-16) (-0.213503,-0.0227042) (-0.213503,0.0227042) (0.562345,1.12019e-16) 
0.228472 (0.431705,1.22953e-16) (-0.215748,-0.00484411) (-0.215748,0.00484411) (0.568295,1.08781e-16) 
0.232269 (0.433368,1.2811e-16) (-0.219028,0.012137) (-0.219028,-0.012137) (0.566632,1.07372e-16) 
0.236067 (0.441506,1.36444e-16) (-0.223093,0.0248423) (-0.223093,-0.0248423) (0.558494,1.06412e-16) 
0.239864 (0.453752,1.33656e-16) (-0.22755,0.0310291) (-0.22755,-0.0310291) (0.546248,1.05453e-16) 
0.243662 (0.467097,1.33656e-16) (-0.231952,0.0299719) (-0.231952,-0.0299719) (0.532903,1.07372e-16) 
0.247459 (0.478554,1.30418e-16) (-0.235891,0.022487) (-0.235891,-0.022487) (0.519301,1.28448e-16) 
0.251257 (0.485772,1.20165e-16) (-0.239692,0.00772283) (-0.239692,-0.00772283) (0.513213,1.36393e-16) 
0.255054 (0.487462,1.08532e-16) (-0.241399,-0.00277845) (-0.241819,0.00571587) (0.512803,1.53812e-16) 
0.258852 (0.483578,9.40812e-17) (-0.242918,-0.0148824) (-0.243181,0.0172345) (0.517842,1.54262e-16) 
0.262649 (0.475221,9.74091e-17) (-0.243861,-0.0232882) (-0.243861,0.0232882) (0.527,1.59868e-16) 
0.266447 (0.464327,1.10961e-16) (-0.24455,-0.0265615) (-0.2447,0.0266765) (0.538206,1.5795e-16) 
0.270244 (0.4532,1.17376e-16) (-0.245323,-0.0244335) (-0.245323,0.0244335) (0.549131,1.53842e-16) 
0.274042 (0.444008,1.22533e-16) (-0.24646,-0.0177639) (-0.24646,0.0177639) (0.557856,1.55671e-16) 
0.278219 (0.438023,1.2659e-16) (-0.248328,-0.0072542) (-0.248328,0.0072542) (0.561977,1.50361e-16) 
0.282396 (0.43724,1.287e-16) (-0.250868,0.00377693) (-0.250868,-0.00377693) (0.56276,1.49801e-16) 
0.286573 (0.441232,1.35428e-16) (-0.25393,0.0125679) (-0.25393,-0.0125679) (0.558768,1.51845e-16) 
#Info: Time for single timestep: 0 s.
#Info: Estimated time for 1 ps: 0 hrs.
#Info: Total running time: 0 days.
0.290751 (0.448437,1.44167e-16) (-0.257239,0.0171463) (-0.257239,-0.0171463) (0.549764,1.6131e-16) 
0.294928 (0.456632,1.39155e-16) (-0.260479,0.0167491) (-0.260479,-0.0167491) (0.543368,1.70248e-16) 
0.299105 (0.463547,1.28931e-16) (-0.263372,0.0119097) (-0.263372,-0.0119097) (0.536453,1.83538e-16) 
0.303282 (0.467425,1.39616e-16) (-0.265744,0.004215) (-0.265744,-0.004215) (0.532575,1.84132e-16) 
0.30746 (0.467417,1.4674e-16) (-0.267555,-0.00417778) (-0.267555,0.00417778) (0.532583,1.85121e-16) 
0.311637 (0.463711,1.50895e-16) (-0.268899,-0.0111247) (-0.268899,0.0111247) (0.536289,1.8311e-16) 
0.315814 (0.457398,1.49939e-16) (-0.269967,-0.015025) (-0.269967,0.015025) (0.542602,1.8522e-16) 
0.320409 (0.449409,1.53929e-16) (-0.2711,-0.0149815) (-0.2711,0.0149815) (0.550591,1.88014e-16) 
0.325004 (0.442552,1.5226e-16) (-0.272453,-0.0108492) (-0.272453,0.0108492) (0.557448,1.90335e-16) 
0.329599 (0.438574,1.5567e-16) (-0.274191,-0.00423278) (-0.274191,0.00423278) (0.561426,1.94797e-16) 
0.334194 (0.438205,1.65828e-16) (-0.276331,0.00267727) (-0.276331,-0.00267727) (0.561795,1.96502e-16) 
0.338789 (0.441042,1.79831e-16) (-0.278758,0.00780987) (-0.278758,-0.00780987) (0.558958,1.88122e-16) 
0.343384 (0.445769,1.82153e-16) (-0.281277,0.00981603) (-0.281277,-0.00981603) (0.554231,1.88667e-16) 
0.347979 (0.450639,1.91077e-16) (-0.283676,0.00840141) (-0.283676,-0.00840141) (0.549361,1.97663e-16) 
0.352574 (0.454029,1.75405e-16) (-0.28579,0.00431482) (-0.28579,-0.00431482) (0.545971,2.1845e-16) 
0.357169 (0.454912,1.7711e-16) (-0.28754,-0.000971923) (-0.28754,0.000971923) (0.545088,2.27447e-16) 
0.361764 (0.453106,1.74897e-16) (-0.288952,-0.00576907) (-0.288952,0.00576907) (0.546894,2.34666e-16) 
0.366359 (0.449249,1.96736e-16) (-0.290132,-0.00869156) (-0.290132,0.00869156) (0.550751,2.28426e-16) 
0.371413 (0.444062,1.98532e-16) (-0.291347,-0.00893374) (-0.291347,0.00893374) (0.555938,2.41355e-16) 
0.376468 (0.439595,1.97933e-16) (-0.29267,-0.00630733) (-0.29267,0.00630733) (0.560405,2.43909e-16) 
0.381522 (0.437172,1.83129e-16) (-0.294225,-0.00203525) (-0.294225,0.00203525) (0.562828,2.51291e-16) 
0.386577 (0.437261,1.93703e-16) (-0.296028,0.00220004) (-0.296028,-0.00220004) (0.562739,2.57956e-16) 
0.391631 (0.439389,2.16728e-16) (-0.297994,0.00490235) (-0.297994,-0.00490235) (0.560611,2.68969e-16) 
0.396686 (0.442412,2.22913e-16) (-0.299975,0.00527508) (-0.299975,-0.00527508) (0.557588,2.6023e-16) 
0.40174 (0.444989,2.31653e-16) (-0.301819,0.00343302) (-0.301819,-0.00343302) (0.555011,2.5604e-16) 
0.406795 (0.44608,2.35364e-16) (-0.303425,0.000267902) (-0.303425,-0.000267902) (0.55392,2.54085e-16) 
0.411849 (0.445286,2.2004e-16) (-0.304772,-0.00294921) (-0.304772,0.00294921) (0.554714,2.62066e-16) 
0.416903 (0.442925,2.04517e-16) (-0.305919,-0.00506033) (-0.305919,0.00506033) (0.557075,3.05402e-16) 
0.422463 (0.439534,1.88759e-16) (-0.307086,-0.00535778) (-0.307086,0.00535778) (0.560466,3.35646e-16) 
0.428023 (0.436616,2.10575e-16) (-0.308306,-0.00365814) (-0.308306,0.00365814) (0.563384,3.29588e-16) 
0.433583 (0.43516,2.33708e-16) (-0.309681,-0.000905296) (-0.309681,0.000905296) (0.56484,3.17386e-16) 
0.439143 (0.435427,2.80105e-16) (-0.31122,0.00161564) (-0.31122,-0.00161564) (0.564573,3.09045e-16) 
0.444703 (0.436919,3.13728e-16) (-0.312843,0.00286494) (-0.312843,-0.00286494) (0.563081,3.27964e-16) 
0.450263 (0.438676,3.00779e-16) (-0.314427,0.00246339) (-0.314427,-0.00246339) (0.561324,3.61193e-16) 
0.455823 (0.439742,2.76286e-16) (-0.315865,0.000778439) (-0.315865,-0.000778439) (0.560258,3.80287e-16) 
0.461939 (0.439479,2.71071e-16) (-0.317221,-0.00151186) (-0.317497,0.00197844) (0.560753,4.05299e-16) 
0.468055 (0.437827,2.71892e-16) (-0.31838,-0.00306339) (-0.31838,0.00306339) (0.562643,4.01098e-16) 
0.474171 (0.435584,2.85943e-16) (-0.319455,-0.00317237) (-0.319455,0.00317237) (0.564416,3.98925e-16) 
0.480287 (0.433752,3.11437e-16) (-0.32057,-0.00195724) (-0.32057,0.00195724) (0.566248,3.79466e-16) 
0.486402 (0.433005,3.22591e-16) (-0.321795,-0.000194603) (-0.321795,0.000194603) (0.566995,3.91296e-16) 
0.492518 (0.433386,3.33938e-16) (-0.323116,0.00115878) (-0.323116,-0.00115878) (0.566614,3.90379e-16) 
0.498634 (0.434363,3.23557e-16) (-0.324451,0.00147497) (-0.324451,-0.00147497) (0.565637,4.1428e-16) 
0.50475 (0.435176,3.07767e-16) (-0.325706,0.000732301) (-0.325706,-0.000732301) (0.564824,4.36732e-16) 
0.510866 (0.43525,3.18873e-16) (-0.32682,-0.000550421) (-0.32682,0.000550421) (0.56475,4.5706e-16) 
0.516982 (0.43446,3.42822e-16) (-0.327796,-0.00164599) (-0.327796,0.00164599) (0.56554,4.68213e-16) 
0.523098 (0.433145,3.57887e-16) (-0.328691,-0.00201477) (-0.328691,0.00201477) (0.566855,4.72656e-16) 
0.529825 (0.431765,3.67819e-16) (-0.329672,-0.00147354) (-0.329672,0.00147354) (0.568235,4.82588e-16) 
0.536553 (0.431043,3.71218e-16) (-0.330715,-0.00039594) (-0.330715,0.00039594) (0.568957,4.82853e-16) 
0.54328 (0.431115,3.46361e-16) (-0.33182,0.000500417) (-0.33182,-0.000500417) (0.568885,5.25769e-16) 
0.550008 (0.431624,3.37173e-16) (-0.332929,0.000706848) (-0.332929,-0.000706848) (0.568376,5.43243e-16) 
0.556735 (0.432005,3.74352e-16) (-0.333969,0.000202041) (-0.333969,-0.000202041) (0.567995,5.08401e-16) 
0.563463 (0.431854,4.44992e-16) (-0.3349,-0.000602572) (-0.3349,0.000602572) (0.568146,4.74674e-16) 
0.570863 (0.431061,4.90037e-16) (-0.335815,-0.00119993) (-0.335815,0.00119993) (0.568939,4.85599e-16) 
0.578263 (0.430041,4.5323e-16) (-0.336684,-0.00112121) (-0.336684,0.00112121) (0.569959,5.42388e-16) 
0.585664 (0.429336,4.35119e-16) (-0.337572,-0.000516017) (-0.337572,0.000516017) (0.570664,5.91347e-16) 
0.593064 (0.429183,4.31672e-16) (-0.3385,0.000110243) (-0.3385,-0.000110243) (0.570817,6.29265e-16) 
0.600464 (0.429398,4.54223e-16) (-0.339431,0.000312935) (-0.339431,-0.000312935) (0.570602,6.14659e-16) 
0.608604 (0.429564,5.11228e-16) (-0.340394,-2.90767e-05) (-0.340394,2.90767e-05) (0.570436,5.73657e-16) 
0.616745 (0.429284,5.69325e-16) (-0.341258,-0.000566124) (-0.341258,0.000566124) (0.570716,5.29634e-16) 
0.624885 (0.42862,5.70418e-16) (-0.342044,-0.000799549) (-0.342044,0.000799549) (0.57138,5.56369e-16) 
0.633025 (0.427959,5.30251e-16) (-0.342809,-0.000570767) (-0.342809,0.000570767) (0.572041,6.3124e-16) 
0.641166 (0.427632,5.22539e-16) (-0.343591,-0.00014063) (-0.343591,0.00014063) (0.572368,6.74684e-16) 
0.649306 (0.42764,5.37385e-16) (-0.344381,0.000100818) (-0.344381,-0.000100818) (0.57236,6.83874e-16) 
0.657446 (0.427705,5.58271e-16) (-0.345139,-1.27597e-05) (-0.345139,1.27597e-05) (0.572295,6.71214e-16) 
0.665586 (0.427556,5.88927e-16) (-0.345835,-0.000318683) (-0.345835,0.000318683) (0.572444,6.71214e-16) 
0.674541 (0.427106,6.11902e-16) (-0.346535,-0.000522699) (-0.346535,0.000522699) (0.572894,6.49369e-16) 
0.683495 (0.42661,6.13387e-16) (-0.347204,-0.000407497) (-0.347204,0.000407497) (0.57339,6.78636e-16) 
0.692449 (0.426335,5.91401e-16) (-0.347875,-0.000135279) (-0.347875,0.000135279) (0.573665,7.22325e-16) 
0.701404 (0.426288,5.81645e-16) (-0.348544,2.17115e-06) (-0.348544,-2.17115e-06) (0.573712,7.4318e-16) 
0.710358 (0.426255,6.34665e-16) (-0.349181,-0.000100787) (-0.349181,0.000100787) (0.573745,7.35191e-16) 
0.719312 (0.426055,6.23708e-16) (-0.349767,-0.000290169) (-0.349767,0.000290169) (0.573945,7.34979e-16) 
0.729162 (0.425678,6.68577e-16) (-0.350364,-0.000347837) (-0.350364,0.000347837) (0.574322,7.59086e-16) 
0.739012 (0.425358,6.63678e-16) (-0.350943,-0.000205827) (-0.350943,0.000205827) (0.574642,7.71294e-16) 
0.748861 (0.42522,7.02404e-16) (-0.351517,-5.95405e-05) (-0.351517,5.95405e-05) (0.57478,7.46877e-16) 
0.758711 (0.425163,6.78531e-16) (-0.352072,-7.30042e-05) (-0.352072,7.30042e-05) (0.574837,7.8397e-16) 
0.769546 (0.424995,6.60311e-16) (-0.352636,-0.0002023) (-0.352636,0.0002023) (0.575005,8.27252e-16) 
0.780381 (0.424707,6.33623e-16) (-0.353157,-0.000242031) (-0.353157,0.000242031) (0.575293,9.01672e-16) 
0.791215 (0.424462,6.78787e-16) (-0.353657,-0.00014524) (-0.353657,0.00014524) (0.575538,8.63264e-16) 
0.80205 (0.424344,7.05133e-16) (-0.354147,-6.27697e-05) (-0.354147,6.27697e-05) (0.575656,8.30417e-16) 
0.812885 (0.424258,7.08897e-16) (-0.354613,-9.57414e-05) (-0.354613,9.57414e-05) (0.575742,8.93887e-16) 
0.824803 (0.424073,6.70507e-16) (-0.355086,-0.000170594) (-0.355086,0.000170594) (0.575927,9.74337e-16) 
0.836721 (0.423845,7.49169e-16) (-0.355527,-0.000150667) (-0.355527,0.000150667) (0.576155,9.10071e-16) 
0.848639 (0.423692,8.31782e-16) (-0.355953,-7.79341e-05) (-0.355953,7.79341e-05) (0.576308,9.00098e-16) 
0.860557 (0.423603,8.0139e-16) (-0.356361,-6.9953e-05) (-0.356361,6.9953e-05) (0.576397,9.43474e-16) 
0.873667 (0.423462,7.66303e-16) (-0.356776,-0.000119864) (-0.356776,0.000119864) (0.576538,1.0655e-15) 
0.886777 (0.423277,8.44758e-16) (-0.357161,-0.000116169) (-0.357161,0.000116169) (0.576723,1.0418e-15) 
0.899887 (0.423142,8.61318e-16) (-0.357528,-6.76386e-05) (-0.357528,6.76386e-05) (0.576858,1.07037e-15) 
0.914308 (0.423043,8.79876e-16) (-0.35791,-6.62393e-05) (-0.35791,6.62393e-05) (0.576957,1.03598e-15) 
0.928729 (0.422909,8.62685e-16) (-0.358261,-9.46268e-05) (-0.358261,9.46268e-05) (0.577091,1.09246e-15) 
0.94315 (0.422764,8.24089e-16) (-0.358587,-7.54621e-05) (-0.358587,7.54621e-05) (0.577236,1.13663e-15) 
0.957571 (0.422666,8.60294e-16) (-0.358895,-5.03103e-05) (-0.358895,5.03103e-05) (0.577334,1.14631e-15) 
0.971992 (0.422576,8.27959e-16) (-0.359183,-6.35774e-05) (-0.359183,6.35774e-05) (0.577424,1.22236e-15) 
0.987855 (0.422452,9.91896e-16) (-0.359474,-6.82005e-05) (-0.359474,6.82005e-05) (0.577548,1.0841e-15) 
1.00372 (0.42235,7.79367e-16) (-0.359746,-4.54555e-05) (-0.359746,4.54555e-05) (0.57765,1.35624e-15) 
